# x
0.000000000000000000e+00
0.000000000000000000e+00
0.000000000000000000e+00
2.000000000000000000e+01
1.500000000000000000e+01
5.000000000000000000e+00
7.500000000000000000e+00
1.750000000000000000e+01
1.250000000000000000e+01
2.500000000000000000e+00
3.750000000000000000e+00
1.375000000000000000e+01
1.875000000000000000e+01
8.750000000000000000e+00
6.250000000000000000e+00
1.625000000000000000e+01
1.125000000000000000e+01
1.250000000000000000e+00
1.875000000000000000e+00
1.187500000000000000e+01
1.687500000000000000e+01
6.875000000000000000e+00
9.375000000000000000e+00
1.937500000000000000e+01
1.437500000000000000e+01
4.375000000000000000e+00
3.125000000000000000e+00
1.312500000000000000e+01
1.812500000000000000e+01
8.125000000000000000e+00
5.625000000000000000e+00
1.562500000000000000e+01
1.062500000000000000e+01
6.250000000000000000e-01
9.375000000000000000e-01
1.093750000000000000e+01
1.593750000000000000e+01
5.937500000000000000e+00
8.437500000000000000e+00
1.843750000000000000e+01
1.343750000000000000e+01
3.437500000000000000e+00
4.687500000000000000e+00
1.468750000000000000e+01
1.968750000000000000e+01
9.687500000000000000e+00
7.187500000000000000e+00
1.718750000000000000e+01
1.218750000000000000e+01
2.187500000000000000e+00
1.562500000000000000e+00
1.156250000000000000e+01
1.656250000000000000e+01
6.562500000000000000e+00
9.062500000000000000e+00
1.906250000000000000e+01
1.406250000000000000e+01
4.062500000000000000e+00
2.812500000000000000e+00
1.281250000000000000e+01
1.781250000000000000e+01
7.812500000000000000e+00
5.312500000000000000e+00
1.531250000000000000e+01
1.031250000000000000e+01
3.125000000000000000e-01
4.687500000000000000e-01
1.046875000000000000e+01
1.546875000000000000e+01
5.468750000000000000e+00
7.968750000000000000e+00
1.796875000000000000e+01
1.296875000000000000e+01
2.968750000000000000e+00
4.218750000000000000e+00
1.421875000000000000e+01
1.921875000000000000e+01
9.218750000000000000e+00
6.718750000000000000e+00
1.671875000000000000e+01
1.171875000000000000e+01
1.718750000000000000e+00
2.343750000000000000e+00
1.234375000000000000e+01
1.734375000000000000e+01
7.343750000000000000e+00
9.843750000000000000e+00
1.984375000000000000e+01
1.484375000000000000e+01
4.843750000000000000e+00
3.593750000000000000e+00
1.359375000000000000e+01
1.859375000000000000e+01
8.593750000000000000e+00
6.093750000000000000e+00
1.609375000000000000e+01
1.109375000000000000e+01
1.093750000000000000e+00
7.812500000000000000e-01
1.078125000000000000e+01
1.578125000000000000e+01
5.781250000000000000e+00
8.281250000000000000e+00
1.828125000000000000e+01
1.328125000000000000e+01
3.281250000000000000e+00
4.531250000000000000e+00
1.453125000000000000e+01
1.953125000000000000e+01
9.531250000000000000e+00
7.031250000000000000e+00
1.703125000000000000e+01
1.203125000000000000e+01
2.031250000000000000e+00
1.406250000000000000e+00
1.140625000000000000e+01
1.640625000000000000e+01
6.406250000000000000e+00
8.906250000000000000e+00
1.890625000000000000e+01
1.390625000000000000e+01
3.906250000000000000e+00
2.656250000000000000e+00
1.265625000000000000e+01
1.765625000000000000e+01
7.656250000000000000e+00
5.156250000000000000e+00
1.515625000000000000e+01
1.015625000000000000e+01
1.562500000000000000e-01
2.343750000000000000e-01
1.023437500000000000e+01
1.523437500000000000e+01
5.234375000000000000e+00
7.734375000000000000e+00
1.773437500000000000e+01
1.273437500000000000e+01
2.734375000000000000e+00
3.984375000000000000e+00
1.398437500000000000e+01
1.898437500000000000e+01
8.984375000000000000e+00
6.484375000000000000e+00
1.648437500000000000e+01
1.148437500000000000e+01
1.484375000000000000e+00
2.109375000000000000e+00
1.210937500000000000e+01
1.710937500000000000e+01
7.109375000000000000e+00
9.609375000000000000e+00
1.960937500000000000e+01
1.460937500000000000e+01
4.609375000000000000e+00
3.359375000000000000e+00
1.335937500000000000e+01
1.835937500000000000e+01
8.359375000000000000e+00
5.859375000000000000e+00
1.585937500000000000e+01
1.085937500000000000e+01
8.593750000000000000e-01
1.171875000000000000e+00
1.117187500000000000e+01
1.617187500000000000e+01
6.171875000000000000e+00
8.671875000000000000e+00
1.867187500000000000e+01
1.367187500000000000e+01
3.671875000000000000e+00
4.921875000000000000e+00
1.492187500000000000e+01
1.992187500000000000e+01
9.921875000000000000e+00
7.421875000000000000e+00
1.742187500000000000e+01
1.242187500000000000e+01
2.421875000000000000e+00
1.796875000000000000e+00
1.179687500000000000e+01
1.679687500000000000e+01
6.796875000000000000e+00
9.296875000000000000e+00
1.929687500000000000e+01
1.429687500000000000e+01
4.296875000000000000e+00
3.046875000000000000e+00
1.304687500000000000e+01
1.804687500000000000e+01
8.046875000000000000e+00
5.546875000000000000e+00
1.554687500000000000e+01
1.054687500000000000e+01
5.468750000000000000e-01
3.906250000000000000e-01
1.039062500000000000e+01
1.539062500000000000e+01
5.390625000000000000e+00
7.890625000000000000e+00
1.789062500000000000e+01
1.289062500000000000e+01
2.890625000000000000e+00
4.140625000000000000e+00
1.414062500000000000e+01
1.914062500000000000e+01
9.140625000000000000e+00
6.640625000000000000e+00
1.664062500000000000e+01
1.164062500000000000e+01
1.640625000000000000e+00
2.265625000000000000e+00
1.226562500000000000e+01
1.726562500000000000e+01
7.265625000000000000e+00
9.765625000000000000e+00
1.976562500000000000e+01
1.476562500000000000e+01
4.765625000000000000e+00
3.515625000000000000e+00
1.351562500000000000e+01
1.851562500000000000e+01
8.515625000000000000e+00
6.015625000000000000e+00
1.601562500000000000e+01
1.101562500000000000e+01
1.015625000000000000e+00
7.031250000000000000e-01
1.070312500000000000e+01
1.570312500000000000e+01
5.703125000000000000e+00
8.203125000000000000e+00
1.820312500000000000e+01
1.320312500000000000e+01
3.203125000000000000e+00
4.453125000000000000e+00
1.445312500000000000e+01
1.945312500000000000e+01
9.453125000000000000e+00
6.953125000000000000e+00
1.695312500000000000e+01
1.195312500000000000e+01
1.953125000000000000e+00
1.328125000000000000e+00
1.132812500000000000e+01
1.632812500000000000e+01
6.328125000000000000e+00
8.828125000000000000e+00
1.882812500000000000e+01
1.382812500000000000e+01
3.828125000000000000e+00
2.578125000000000000e+00
1.257812500000000000e+01
1.757812500000000000e+01
7.578125000000000000e+00
5.078125000000000000e+00
1.507812500000000000e+01
1.007812500000000000e+01
7.812500000000000000e-02
1.171875000000000000e-01
1.011718750000000000e+01
1.511718750000000000e+01
5.117187500000000000e+00
7.617187500000000000e+00
1.761718750000000000e+01
1.261718750000000000e+01
2.617187500000000000e+00
3.867187500000000000e+00
1.386718750000000000e+01
1.886718750000000000e+01
8.867187500000000000e+00
6.367187500000000000e+00
1.636718750000000000e+01
1.136718750000000000e+01
1.367187500000000000e+00
1.992187500000000000e+00
1.199218750000000000e+01
1.699218750000000000e+01
6.992187500000000000e+00
9.492187500000000000e+00
1.949218750000000000e+01
1.449218750000000000e+01
4.492187500000000000e+00
3.242187500000000000e+00
1.324218750000000000e+01
1.824218750000000000e+01
8.242187500000000000e+00
5.742187500000000000e+00
1.574218750000000000e+01
1.074218750000000000e+01
7.421875000000000000e-01
1.054687500000000000e+00
1.105468750000000000e+01
1.605468750000000000e+01
6.054687500000000000e+00
8.554687500000000000e+00
1.855468750000000000e+01
1.355468750000000000e+01
3.554687500000000000e+00
4.804687500000000000e+00
1.480468750000000000e+01
1.980468750000000000e+01
9.804687500000000000e+00
7.304687500000000000e+00
1.730468750000000000e+01
